19928.0	534.9	0.8753356795967484	1.0125	73	125	145	LD130
21982.5	573.6	0.8395944800170891	0.9707602339181286	45	105	136	LD130
17144.5	509.5	0.8300782746854031	0.89937106918239	55	117	138	LD130
17192.0	495.9	0.8785091583091732	0.9354838709677419	66	140	162	LD130
19839.0	530.5	0.8857525293265379	0.9454545454545454	85	165	187	LD130
18960.0	520.4	0.8798255348811466	0.9936708860759493	75	139	172	LD130
15727.5	482.3	0.8494828011986062	0.9006622516556292	40	111	140	LD130
19843.5	544.1	0.8421726027945589	0.888235294117647	62	130	154	LD130
19008.0	551.7	0.7847664609026956	1.1	52	105	125	LD130
16885.5	521.9	0.7788938873835746	1.0833333333333333	51	96	114	LD130
15371.5	472.3	0.8657810065803094	0.9652777777777778	64	136	163	LD130
20115.5	540.8	0.8643982850818399	0.8895348837209303	54	119	151	LD130
17101.0	494.9	0.8772897144782998	0.98	71	125	153	LD130
18529.0	515.1	0.8776574197139982	0.9493670886075949	65	143	167	LD130
20195.0	532.3	0.89560400981355	0.9161676646706587	80	167	192	LD130
20588.0	579.4	0.7707825653719331	0.9878048780487805	47	98	115	LD130
14446.0	452.9	0.8849003338362644	0.9574468085106383	60	127	150	LD130
19997.0	619.1	0.6556281140556915	0.9588235294117647	41	88	105	LD130
20680.0	595.5	0.7328220384158738	0.9698795180722891	46	108	128	LD130
14333.0	452.4	0.8798628384228628	0.8698630136986302	58	119	138	LD130
19870.0	613.6	0.6632536086981706	0.9938650306748467	56	103	119	LD130
18510.0	516.2	0.872782517126617	1.0263157894736843	46	107	132	LD130
18627.0	522.8	0.856408257643137	1.0662251655629138	74	137	162	LD130
17002.5	520.0	0.7901571752771954	1.0413793103448277	44	108	141	LD130
18930.0	523.1	0.8694340181825757	1.1073825503355705	80	127	145	LD130
16872.0	539.7	0.7278999494393584	1.0620689655172413	50	101	122	LD130
18196.0	513.1	0.868616795225764	1.0	63	128	154	LD130
21204.5	552.3	0.8735952883184815	0.9819277108433735	57	125	151	LD130
18572.5	530.5	0.8293372090053809	1.0129870129870129	58	105	119	LD130
20513.0	553.4	0.8418380937167138	0.963855421686747	54	121	148	LD130
17008.0	494.9	0.8725187687180237	1.0486111111111112	89	146	175	LD130
17188.0	497.3	0.8734628312474024	0.98	51	109	140	LD130
18848.0	518.4	0.8813901179839068	0.896969696969697	53	128	153	LD130
17726.0	504.1	0.8765642645315288	1.0	92	159	181	LD130
18236.0	518.0	0.8539012310307476	0.9870967741935484	61	125	148	LD130
20653.0	567.0	0.8072462397369127	1.0566037735849056	56	113	129	LD130
15387.0	475.8	0.8542598426727231	0.9929577464788732	58	104	120	LD130
19958.0	529.9	0.8931768630487049	1.018987341772152	70	125	148	LD130
18542.5	512.5	0.8871822309339806	1.0196078431372548	71	140	162	LD130
16134.5	503.2	0.800585872684009	0.993103448275862	40	92	111	LD130
16671.5	484.3	0.8930494256824308	0.9533333333333334	93	159	182	LD130
17888.5	507.2	0.87391948501511	0.8819875776397516	64	119	147	LD130
18771.5	517.3	0.8814514118859317	1.0194805194805194	58	141	169	LD130
17816.5	503.0	0.8850025675895016	0.974025974025974	61	120	135	LD130
17976.5	504.1	0.888804875363518	1.013157894736842	60	132	157	LD130
22494.0	576.8	0.849585485256906	1.0057803468208093	63	115	133	LD130
16722.5	488.3	0.8811669048390527	0.9664429530201343	87	137	152	LD130
18954.5	522.1	0.8736596072988028	0.9811320754716981	74	127	155	LD130
19739.5	528.1	0.8892870323642303	0.99375	83	157	184	LD130
15454.5	468.3	0.8853879941417636	0.9586206896551724	91	162	187	LD130
19653.0	529.2	0.8818098903327201	0.9629629629629629	99	165	191	LD130
16504.5	486.3	0.8768472077601072	1.013793103448276	42	110	136	LD130
18224.0	520.6	0.8450190306791273	1.0065359477124183	44	103	133	LD130
18560.0	530.0	0.8301670042368373	1.0326797385620916	56	123	145	LD130
19520.0	523.9	0.8936990000245644	0.9811320754716981	89	146	161	LD130
17942.5	507.7	0.8748825485331155	1.0608108108108107	62	123	138	LD130
18191.5	507.2	0.8887221573442365	0.9548387096774194	64	139	168	LD130
20789.5	543.0	0.8861332131400496	1.0185185185185186	81	154	182	LD130
19557.0	530.4	0.8736301156813633	0.9333333333333333	57	118	136	LD130
18084.0	544.6	0.7662138483693254	0.9556962025316456	46	109	137	LD130
23909.5	581.7	0.8878104083329517	0.9135135135135135	65	144	169	LD130
14965.0	517.9	0.7011212405300103	0.9194630872483222	47	97	117	LD130
17269.5	498.0	0.8750408262053934	1.1056338028169015	68	131	161	LD130
19409.5	536.5	0.8474346631996831	1.0127388535031847	51	110	134	LD130
22503.0	591.1	0.8093770975907196	0.9488636363636364	60	116	133	LD130
18248.0	510.4	0.8802928520322236	1.0	82	143	162	LD130
16596.0	505.1	0.8175338290006604	1.0704225352112675	43	105	138	LD130
16456.5	483.5	0.884555739451212	1.0857142857142856	86	139	163	LD130
17562.0	500.9	0.8796929109769146	0.9548387096774194	77	163	193	LD130
20542.5	545.7	0.8670050395311852	1.0705128205128205	72	143	165	LD130
15986.0	472.9	0.898162846988991	0.9261744966442953	62	120	140	LD130
22468.5	584.1	0.8276225879674017	1.0538922155688624	59	112	130	LD130
19873.0	558.9	0.7995569143371536	1.0509554140127388	48	103	128	LD130
19300.0	522.7	0.8875918820505323	0.9811320754716981	104	170	196	LD130
15902.5	478.3	0.8733601698614067	0.92	105	165	181	LD130
18404.5	510.1	0.8886872644654145	0.9743589743589743	89	158	183	LD130
17399.5	498.5	0.8799121832105196	0.9483870967741935	64	123	155	LD130
19603.5	522.6	0.9018963909837107	1.0126582278481013	70	147	180	LD130
15966.0	479.8	0.8716857240859693	1.006993006993007	89	135	153	LD130
15098.0	470.6	0.8567395887210296	0.9583333333333334	53	110	136	LD130
17708.5	502.9	0.8798864921437314	0.993421052631579	73	151	177	LD130
16062.0	477.8	0.8842843395505031	0.9794520547945206	63	125	149	LD130
14813.0	457.8	0.8883401069684566	1.0291970802919708	60	130	159	LD130
17944.5	510.0	0.8669585483512983	1.006578947368421	65	120	150	LD130
19198.0	529.2	0.8613945084520206	1.065359477124183	66	120	144	LD130
14821.0	537.0	0.6458277727557057	0.9929577464788732	31	85	107	LD130
18737.0	549.5	0.7797874396286423	0.9813664596273292	71	116	134	LD130
16942.0	512.9	0.8092032681098926	1.048951048951049	60	113	126	LD130
18847.5	532.5	0.8353067875114306	1.0866666666666667	40	101	129	LD130
17252.5	495.3	0.8836871887260855	1.0476190476190477	65	122	141	LD130
21937.5	562.1	0.8725563508073609	0.9322033898305084	96	166	184	LD130
20239.0	535.9	0.8855841818169027	0.9515151515151515	79	158	179	LD130
21740.5	562.6	0.8630488963493105	1.0365853658536586	61	120	138	LD130
21809.5	595.3	0.7734774936183021	0.943502824858757	50	101	119	LD130
18124.5	508.8	0.8796919488463462	1.0065359477124183	62	119	143	LD130
17309.5	496.3	0.8829328817655465	1.0136054421768708	82	135	152	LD130
18863.5	526.1	0.856295265757206	1.0	84	137	154	LD130
18465.0	511.4	0.8871785996946465	0.967948717948718	64	130	159	LD130
19278.0	523.1	0.8854172743013046	0.96875	77	153	172	LD130
18820.5	516.6	0.8861018161455453	1.0193548387096774	58	120	151	LD130
18841.0	517.2	0.8850587851675021	0.9259259259259259	86	162	186	LD130
21223.5	576.4	0.8026699487345709	0.903954802259887	58	111	129	LD130
20795.5	542.8	0.8870456110954466	1.0	86	159	184	LD130
17136.5	490.8	0.8938608059975538	1.0135135135135136	98	167	191	LD130
20798.5	543.0	0.8862848095240811	0.9467455621301775	81	146	164	LD130
17262.5	499.9	0.8681962064805475	1.0204081632653061	59	121	152	LD130
19167.5	524.1	0.8767479196155309	1.0	61	134	162	LD130
17792.5	521.3	0.8227086905794081	1.0333333333333334	46	104	135	LD130
17509.0	498.2	0.8863123425138045	0.9933774834437086	71	150	178	LD130
17253.0	501.3	0.8625846408310963	1.0204081632653061	65	127	160	LD130
19963.0	535.2	0.8757490220719533	1.0443037974683544	67	125	150	LD130
19000.0	550.9	0.7867972890137213	0.8975903614457831	50	107	128	LD130
18589.5	516.0	0.8773556363080802	0.9556962025316456	60	123	142	LD130
18095.5	510.5	0.8725924788925092	0.9554140127388535	61	113	127	LD130
18894.0	518.7	0.8823726600020948	0.937888198757764	69	127	155	LD130
19537.0	536.9	0.8517791643791764	1.0062111801242235	55	120	148	LD130
17712.5	501.2	0.8861643316885155	0.961038961038961	80	141	167	LD130
21033.5	546.6	0.8845783116008846	1.049689440993789	75	154	181	LD130
15562.0	471.3	0.8804993167335207	1.0070422535211268	54	120	149	LD130
20749.5	554.8	0.8469909124968182	0.9583333333333334	67	120	139	LD130
16690.0	488.9	0.8773482866773595	1.0136986301369864	85	153	182	LD130
15232.5	489.3	0.7994726191381865	1.0431654676258992	41	108	137	LD130
20770.5	543.3	0.8842054088354997	0.8628571428571429	67	147	165	LD130
18738.0	516.4	0.8830468430582964	0.9202453987730062	76	139	157	LD130
14121.5	449.0	0.880112206008048	0.9568345323741008	55	125	152	LD130
22286.0	562.9	0.8839414332789779	1.0548780487804879	72	131	151	LD130
14841.0	458.4	0.887356558411971	0.9577464788732394	71	127	149	LD130
17634.0	515.9	0.8325838752114317	0.974025974025974	59	115	136	LD130
18658.0	517.4	0.8757814734583372	0.9617834394904459	75	128	156	LD130
16411.0	504.8	0.8092922446397889	1.056338028169014	55	114	148	LD130
18088.5	511.0	0.8705989181448088	1.0945945945945945	82	131	153	LD130
18107.0	510.9	0.8718322570886503	1.0328947368421053	57	121	152	LD130
14839.0	498.2	0.7511559112777626	1.0141843971631206	51	107	137	LD130
18365.5	509.3	0.8896913011385705	1.0064935064935066	79	153	185	LD130
16717.0	489.8	0.8757972510451357	0.9342105263157895	74	121	138	LD130
20188.0	536.0	0.8828842184886666	0.9518072289156626	71	137	153	LD130
18795.0	539.0	0.8129290937493023	1.0454545454545454	60	113	137	LD130
15015.5	461.9	0.8845656379606525	0.9716312056737588	58	119	140	LD130
16847.5	493.2	0.8704555458961537	0.9470198675496688	67	120	141	LD130
20768.0	558.2	0.8376216681295782	0.9470588235294117	60	124	150	LD130
19370.5	527.7	0.8740335991573649	0.975	76	143	166	LD130
24588.5	681.7	0.6649325162625626	0.84	46	95	112	LD130
17670.0	499.9	0.8885429094871704	1.0268456375838926	64	137	167	LD130
18877.5	520.0	0.8772940494806797	1.0326797385620916	73	145	170	LD130
14878.5	485.5	0.793161257595816	1.0144927536231885	65	115	147	LD130
17841.0	531.0	0.7950925266352272	1.0266666666666666	56	117	136	LD130
19587.5	545.7	0.8266619106685883	0.9937888198757764	46	117	141	LD130
18231.5	508.3	0.8867809861913748	0.9871794871794872	70	128	155	LD130
19840.5	594.9	0.7044585455733231	1.0636942675159236	44	97	126	LD130
23033.0	590.7	0.8296021925682598	1.0175438596491229	68	126	147	LD130
18337.5	509.0	0.8895331020490873	0.93125	60	120	141	LD130
17523.5	498.0	0.887910936507149	0.9545454545454546	109	176	200	LD130
17272.5	511.8	0.8286357938781591	1.0133333333333334	48	114	135	LD130
20888.0	573.4	0.7984667838861919	0.9702380952380952	57	114	138	LD130
17299.0	496.2	0.8827547546008999	1.0202702702702702	66	135	162	LD130
19539.0	553.0	0.802861291874284	1.0	48	108	124	LD130
18757.0	519.6	0.8731833681667515	1.1	69	132	164	LD130
17825.5	516.5	0.8397174720949435	0.930379746835443	51	103	123	LD130
22425.5	570.1	0.8671081251511737	1.011764705882353	64	139	165	LD130
17633.0	505.9	0.8657749399195285	0.9675324675324676	59	122	152	LD130
17931.5	516.5	0.8447108833340148	1.0469798657718121	59	122	144	LD130
19667.0	534.9	0.8638712771291274	0.9573170731707317	64	126	146	LD130
19183.5	521.8	0.8853781152618064	0.9937106918238994	95	166	191	LD130
20140.5	534.1	0.8870825897286216	1.044871794871795	92	149	180	LD130
19490.0	524.4	0.8906746890342645	1.0384615384615385	106	178	197	LD130
17298.0	495.1	0.8868864422585594	0.9166666666666666	86	163	183	LD130
18282.5	508.8	0.8873606474541821	1.0466666666666666	78	144	165	LD130
18429.5	509.2	0.8932902064207927	1.0	126	185	204	LD130
21540.5	553.3	0.8841389469714472	0.9244186046511628	52	121	149	LD130
19590.0	533.1	0.8663067326580595	1.0451612903225806	69	134	164	LD130
18757.0	518.6	0.876454837042457	1.0	76	159	178	LD130
19344.0	528.7	0.8695393520465452	1.051948051948052	60	124	148	LD130
18239.0	511.4	0.8763200909737696	1.0	74	121	139	LD130
18420.0	507.6	0.8985213542825613	0.9556962025316456	71	137	158	LD130
19081.5	529.0	0.8569529040945638	0.9937106918238994	56	108	136	LD130
19337.5	527.8	0.8723096186976106	1.0382165605095541	56	129	157	LD130
17123.0	488.6	0.9013747062505192	1.0136054421768708	88	158	184	LD130
14918.5	462.7	0.8757070648545626	0.9928571428571429	47	118	145	LD130
17810.0	504.1	0.8807181288111547	1.027027027027027	67	129	161	LD130
19276.5	576.3	0.7293943304095288	0.9570552147239264	58	108	130	LD130
18981.5	518.3	0.8879772762503602	1.0454545454545454	68	129	162	LD130
16535.5	487.9	0.8730474994233508	1.013793103448276	50	123	156	LD130
20206.5	541.9	0.8645585526512316	0.9230769230769231	78	145	168	LD130
17451.5	498.8	0.8813280967088877	1.0134228187919463	60	119	150	LD130
18019.5	521.3	0.833204959949172	0.9490445859872612	58	116	143	LD130
19032.5	520.0	0.8844973644148344	0.9935897435897436	69	134	156	LD130
16934.5	493.7	0.8732311943770579	0.934640522875817	69	138	162	LD130
18019.5	508.0	0.8774504906132935	0.9615384615384616	83	158	184	LD130
16617.5	490.4	0.8682539575952027	1.0	66	135	157	LD130
18009.5	509.3	0.872445372456785	0.993421052631579	60	125	148	LD130
17085.5	496.0	0.8727132365026438	0.9605263157894737	68	127	150	LD130
16469.0	610.5	0.5553276265156604	1.0132450331125828	44	90	106	LD130
18142.0	511.9	0.8700077023989203	1.0130718954248366	65	128	159	LD130
20514.0	547.3	0.8606607231170577	1.01840490797546	72	148	174	LD130
17425.5	498.1	0.8826933548385193	0.9607843137254902	76	147	170	LD130
19622.5	539.8	0.8462481321846795	0.9875	65	112	133	LD130
21648.0	558.0	0.8735589378177804	0.9588235294117647	75	150	181	LD130
16422.0	518.5	0.7677324218385243	0.9536423841059603	43	99	125	LD130
16934.0	492.7	0.8765009826613006	1.0272108843537415	53	114	146	LD130
22761.0	575.8	0.8625702506619148	0.9545454545454546	70	142	164	LD130
19356.5	526.3	0.8782001053954092	1.0256410256410255	67	137	164	LD130
18049.0	539.2	0.7800808663446739	0.9490445859872612	72	108	121	LD130
16196.0	478.1	0.8903821587610558	0.9794520547945206	73	134	155	LD130
17684.0	524.7	0.8070855663519867	1.006578947368421	47	109	127	LD130
19527.0	541.8	0.8357953300661775	0.9397590361445783	45	102	120	LD130
19319.5	553.9	0.7911817680377564	0.888235294117647	46	104	136	LD130
18046.0	508.2	0.8779020574211841	0.9806451612903225	78	148	179	LD130
17045.5	512.1	0.8166501902818224	1.0551724137931036	63	131	157	LD130
19806.5	545.0	0.8380485955238368	0.9337349397590361	65	117	139	LD130
23831.5	585.6	0.873293087645243	1.1017964071856288	64	137	164	LD130
17152.0	511.4	0.8240935468162782	1.0909090909090908	60	125	155	LD130
17530.5	507.3	0.8559500318677623	1.0	61	121	146	LD130
18288.0	513.9	0.870196199419421	1.0810810810810811	82	136	153	LD130
20193.0	538.2	0.8760868649429268	0.9877300613496932	80	142	169	LD130
18958.5	518.5	0.8862137630109521	1.0592105263157894	123	182	201	LD130
17207.0	523.6	0.788834167743787	0.9294871794871795	41	99	125	LD130
20806.5	543.3	0.8859299307354858	1.06875	58	121	151	LD130
15131.5	511.3	0.7273014313656673	0.9256756756756757	51	95	123	LD130
16910.0	490.7	0.8824076254371629	1.0204081632653061	75	140	168	LD130
15277.0	468.4	0.8748435057719308	1.0215827338129497	56	125	156	LD130
17938.5	503.9	0.8879271215687845	1.0201342281879195	81	132	157	LD130
18153.5	537.6	0.7893191158863606	1.0604026845637584	54	115	142	LD130
16732.5	513.0	0.798845815531922	1.0273972602739727	53	107	132	LD130
19054.5	521.3	0.8810623995866422	0.96875	60	136	165	LD130
17567.0	564.6	0.6925109265532073	0.967948717948718	38	93	119	LD130
16190.5	500.5	0.8122409801967351	1.034965034965035	45	109	132	LD130
17181.5	492.5	0.8901880557860058	0.9867549668874173	69	134	155	LD130
13901.5	447.0	0.8741706894467957	0.9142857142857143	51	116	144	LD130
17659.5	498.5	0.8930606741231741	0.9738562091503268	80	130	149	LD130
19946.5	541.1	0.8560493045893645	0.9457831325301205	50	124	154	LD130
15771.5	493.3	0.8143926318920903	1.006993006993007	43	103	137	LD130
16654.0	493.8	0.8584175803042822	0.9096774193548387	78	154	178	LD130
19972.5	534.6	0.8780868321613325	0.9166666666666666	69	147	172	LD130
17978.0	511.2	0.8644593669713277	0.9554140127388535	48	110	139	LD130
20456.0	559.8	0.8201618109797698	0.9022988505747126	59	118	144	LD130
19300.0	519.1	0.9001420487590028	0.95625	68	143	164	LD130
17265.0	497.9	0.8751660233655097	1.0268456375838926	58	125	153	LD130
16300.5	551.9	0.6723927330983004	1.0638297872340425	56	104	116	LD130
17878.0	501.9	0.8918517772893717	1.0198675496688743	83	132	148	LD130
19858.5	600.4	0.6923407695563563	1.0124223602484472	45	101	128	LD130
17077.5	518.1	0.7993442444783261	0.9932885906040269	58	118	146	LD130
20236.5	538.3	0.8776463133291004	0.9877300613496932	99	172	196	LD130
16705.0	486.9	0.8853652550442074	1.0	74	145	175	LD130
16068.0	525.2	0.7319779177650722	0.9013157894736842	57	115	146	LD130
15914.5	488.3	0.8385905640341518	0.9726027397260274	56	114	132	LD130
18085.0	505.6	0.8891738213467154	1.04	57	132	162	LD130
19270.0	619.4	0.6310926741538873	1.0443037974683544	36	85	110	LD130
16561.5	533.8	0.7303846819757626	0.9866666666666667	33	82	107	LD130
19323.5	534.3	0.8506452848865719	0.8228571428571428	54	117	141	LD130
21424.0	566.3	0.8394124143438618	1.0119760479041917	59	123	145	LD130
17735.5	502.6	0.8821823401768996	1.08843537414966	72	134	157	LD130
18906.0	518.3	0.8843448353418136	0.9259259259259259	67	125	141	LD130
17626.5	502.8	0.8760597222514988	0.9612903225806452	59	113	144	LD130
18687.5	515.7	0.8831550947756448	1.0394736842105263	64	129	159	LD130
19642.0	525.9	0.8924576788167646	0.968944099378882	63	121	152	LD130
15099.0	521.2	0.6984330277264207	0.9861111111111112	38	96	126	LD130
17939.0	509.1	0.8698587099843209	0.9805194805194806	65	136	156	LD130
17452.0	522.7	0.8026038096137766	0.9671052631578947	54	114	149	LD130
23121.5	576.4	0.8744520564311438	0.9548022598870056	61	118	135	LD130
15637.5	474.7	0.8720893876026258	1.0214285714285714	44	109	138	LD130
21016.5	592.2	0.7531793308806788	0.9532163742690059	39	101	127	LD130
16877.5	499.2	0.851168755344364	0.879746835443038	61	123	153	LD130
23292.0	575.7	0.8831293913648877	1.0595238095238095	71	132	153	LD130
15276.5	464.5	0.8895632594084915	0.9787234042553191	72	138	159	LD130
17604.5	499.0	0.8885484032920947	1.0405405405405406	80	151	176	LD130
18215.0	510.7	0.8775205604801073	0.9807692307692307	80	149	175	LD130
19634.0	558.7	0.7905096946880316	0.9634146341463414	49	112	139	LD130
20792.0	543.2	0.8854482280946341	1.031055900621118	79	158	179	LD130
17642.0	500.9	0.8834924544613325	1.034013605442177	58	124	154	LD130
19257.0	547.7	0.8067019757611452	1.044871794871795	60	107	128	LD130
18769.0	518.2	0.878177341499239	1.0	71	146	176	LD130
18427.5	520.7	0.8540851867437086	0.9683544303797469	61	133	159	LD130
15164.5	471.4	0.8573843366611934	1.0434782608695652	65	135	166	LD130
18719.5	524.5	0.8551357368144881	0.95	48	109	130	LD130
16765.5	493.2	0.8662188725165137	1.0275862068965518	53	113	143	LD130
21295.5	550.8	0.8821766971011655	0.9761904761904762	79	137	156	LD130
18113.0	522.2	0.8345514897403079	1.0065359477124183	77	126	141	LD130
16371.5	502.0	0.816372383902494	0.9863945578231292	44	113	141	LD130
19615.0	529.2	0.8801048694283979	1.105263157894737	84	131	151	LD130
18302.5	509.8	0.8849521669786352	0.9620253164556962	73	133	151	LD130
18569.5	517.0	0.8731240553814704	0.937888198757764	63	133	158	LD130
17496.5	496.3	0.892471484780663	1.0067114093959733	62	124	151	LD130
17897.0	507.9	0.8718303536337011	0.9935064935064936	72	131	151	LD130
18967.5	521.7	0.8758861512308872	0.9810126582278481	62	131	155	LD130
17335.5	519.5	0.8073214435184427	1.118881118881119	39	96	128	LD130
20512.0	548.9	0.8553897616028869	1.0122699386503067	51	116	139	LD130
20545.5	541.0	0.8819884065962792	0.963855421686747	72	130	142	LD130
17759.5	502.2	0.8848338955167181	1.0466666666666666	85	150	177	LD130
18945.5	534.8	0.8324922817037834	1.0127388535031847	50	103	120	LD130
17613.5	521.9	0.8124750516970531	0.9869281045751634	49	103	124	LD130
20590.5	587.4	0.7499136919402418	0.9181286549707602	44	105	130	LD130
16985.5	491.7	0.8830012747596402	1.0342465753424657	63	129	161	LD130
19023.5	524.5	0.869022927390711	0.9141104294478528	55	115	154	LD130
19113.5	603.1	0.6604439156264132	1.070063694267516	32	88	121	LD130
21903.0	556.7	0.888025053922316	0.9704142011834319	72	140	170	LD130
19402.0	525.5	0.882943302511985	1.0256410256410255	68	145	174	LD130
20374.5	534.6	0.8959988714128759	1.0774193548387097	66	132	150	LD130
14392.5	455.5	0.8716423182687209	0.950354609929078	56	119	141	LD130
17904.5	534.6	0.7871676398263902	0.9869281045751634	52	110	140	LD130
18350.0	520.2	0.8519842599554435	0.9935064935064936	56	118	144	LD130
18043.5	510.0	0.8717415680111816	0.9934640522875817	78	126	151	LD130
20397.5	533.3	0.9011953183953488	0.9337349397590361	114	181	195	LD130
17549.0	494.7	0.90100405088449	0.961038961038961	105	177	199	LD130
20121.0	591.5	0.7226892359899363	0.9573170731707317	39	93	110	LD130
18460.0	510.7	0.8893236094681736	1.0529801324503312	87	156	182	LD130
22892.0	581.5	0.8507380026357528	1.0057803468208093	46	110	136	LD130
16978.0	494.2	0.8734002600012718	1.0694444444444444	81	148	174	LD130
19199.0	529.2	0.861439377423187	0.9212121212121213	69	146	169	LD130
20857.5	552.2	0.8595205714500164	0.8901734104046243	52	110	142	LD130
20068.0	534.9	0.8814851675104148	0.9281437125748503	50	123	157	LD130
20233.0	545.5	0.8544415300267383	1.0	59	109	129	LD130
16411.0	486.2	0.8722402284496101	0.972972972972973	57	122	150	LD130
16695.5	502.1	0.832057553734426	0.96	51	108	131	LD130
14248.0	455.3	0.8638110809968791	0.9640287769784173	65	126	147	LD130
16886.0	487.8	0.891920784966703	0.9731543624161074	72	115	129	LD130
17296.5	497.7	0.8776179286048421	1.0337837837837838	59	124	151	LD130
19366.0	521.9	0.8934568427147693	1.0193548387096774	87	164	189	LD130
18117.0	514.2	0.8609094339510972	1.0333333333333334	55	125	154	LD130
15816.0	470.1	0.8993365463231212	0.986013986013986	91	165	192	LD130
18526.0	577.8	0.6972255051013305	1.0	48	94	110	LD130
23135.5	624.2	0.7461119527826225	0.8571428571428571	44	86	102	LD130
20273.0	532.0	0.8999829054175226	0.9634146341463414	79	158	187	LD130
14475.0	452.8	0.8872335125497515	1.0147058823529411	76	131	156	LD130
21457.0	551.2	0.8874366642091233	0.9880239520958084	66	145	169	LD130
17950.5	508.1	0.8736016468326108	1.013157894736842	90	152	180	LD130
19149.5	519.0	0.8934687675851013	0.9565217391304348	71	145	170	LD130
18141.0	512.2	0.868794588701084	0.9935064935064936	72	133	162	LD130
18787.0	545.6	0.793205582769776	0.9936305732484076	47	97	115	LD130
17710.5	498.8	0.8944080025649803	1.0133333333333334	86	148	176	LD130
22015.0	585.4	0.8072013062436484	1.0	57	118	135	LD130
17893.0	507.4	0.8733035199090101	1.04	71	128	159	LD130
22061.0	619.2	0.7231615367593157	0.9157303370786517	49	104	125	LD130
16892.5	490.5	0.8823667838583785	0.9602649006622517	84	154	179	LD130
14993.5	468.8	0.8574599345753195	0.9857142857142858	53	124	151	LD130
19735.0	536.4	0.8619691910964989	1.0512820512820513	56	113	142	LD130
18462.5	512.0	0.885029860488319	1.0065359477124183	74	131	154	LD130
19173.5	525.5	0.872642526089583	0.96875	78	135	151	LD130
20331.0	539.7	0.8771297932700092	1.103896103896104	82	154	182	LD130
16713.0	504.2	0.8260047776087531	0.959731543624161	54	123	151	LD130
19864.5	531.8	0.8826531833276241	1.070967741935484	52	115	136	LD130
18969.5	517.3	0.8907488777013122	0.95625	100	161	179	LD130
19359.5	523.5	0.8878537770044919	0.968944099378882	75	130	148	LD130
17879.0	528.7	0.8036855911517877	0.9868421052631579	50	106	129	LD130
18152.0	505.2	0.8936807212092798	0.9617834394904459	95	171	194	LD130
16056.0	481.3	0.8710902217633327	0.9793103448275862	61	124	146	LD130
18821.0	518.7	0.8789634716788095	1.0064102564102564	68	143	171	LD130
20349.5	583.7	0.7504511677611201	0.9352941176470588	56	117	144	LD130
14898.0	485.8	0.7934075666656026	1.0	46	101	131	LD130
20640.5	541.0	0.8862994391111251	1.0062111801242235	75	141	173	LD130
18997.5	519.3	0.885205832822284	1.0064102564102564	81	152	174	LD130
17907.5	568.1	0.6972983904782661	1.0596026490066226	35	91	123	LD130
18533.5	516.5	0.8730696905596834	0.93125	52	115	139	LD130
19595.5	559.5	0.7867420412991543	0.9753086419753086	68	114	133	LD130
21837.0	555.0	0.8908314444472674	0.9425287356321839	68	134	155	LD130
18014.5	505.3	0.8865583877976716	0.9869281045751634	75	154	181	LD130
18872.5	519.5	0.8789001726400628	0.9748427672955975	58	131	157	LD130
18335.5	520.3	0.8511748018784593	0.9683544303797469	56	111	133	LD130
17908.5	508.1	0.8715576219214958	0.9554140127388535	66	120	149	LD130
16714.5	534.6	0.7348495359199194	0.9477124183006536	44	111	133	LD130
18030.5	543.3	0.7675629197182772	0.9805194805194806	56	106	129	LD130
17771.5	511.7	0.8530487056967408	1.1338028169014085	57	135	168	LD130
20768.0	547.4	0.8710909966106055	0.896551724137931	54	127	156	LD130
18691.0	512.4	0.8946382093732257	0.9746835443037974	79	151	178	LD130
14176.0	450.4	0.8779698817889814	1.037593984962406	70	125	144	LD130
16020.0	474.4	0.8943351293444737	0.958904109589041	80	142	161	LD130
17875.5	512.1	0.8564155041731083	0.9935064935064936	64	127	152	LD130
17255.5	498.5	0.8726299420896646	0.948051948051948	62	133	155	LD130
19520.0	527.9	0.880206892032088	0.975	63	122	141	LD130
16122.5	499.8	0.8110523539219728	0.959731543624161	53	111	146	LD130
18384.0	511.9	0.8816129203451522	0.9806451612903225	65	140	158	LD130
20476.0	538.0	0.8888344319778846	1.0506329113924051	60	119	153	LD130
18339.5	515.3	0.8678635729708631	1.06	85	148	167	LD130
20812.0	561.4	0.8299381949229391	1.0	69	128	149	LD130
17309.0	498.6	0.8749826326497704	0.9166666666666666	92	166	183	LD130
17527.5	500.1	0.8805222633189549	0.9235668789808917	66	126	145	LD130
19883.0	532.9	0.8799272233361689	0.9515151515151515	69	128	143	LD130
21178.0	552.9	0.8706556123095995	0.9642857142857143	49	110	140	LD130
17301.0	510.0	0.835732477640455	0.961038961038961	40	97	123	LD130
19649.5	578.9	0.7367745499973678	1.0379746835443038	50	96	115	LD130
20299.5	545.1	0.8584604592580465	0.975609756097561	65	116	136	LD130
19852.5	540.3	0.854629892814521	0.9691358024691358	69	119	131	LD130
17976.0	508.2	0.8744966964536853	0.9741935483870968	77	132	153	LD130
17677.0	517.7	0.8288236815174564	0.9426751592356688	56	110	123	LD130
14825.5	462.9	0.8694923711319799	1.0220588235294117	75	145	170	LD130
18350.0	512.6	0.8776276375857439	1.019736842105263	70	126	160	LD130
16971.5	496.0	0.8668902106057546	0.9932432432432432	71	137	164	LD130
18153.5	507.7	0.8851709820145416	1.013157894736842	81	133	151	LD130
18567.5	530.6	0.8286698223530522	1.0263157894736843	48	109	132	LD130
17951.5	512.1	0.8600566654450814	1.0604026845637584	46	107	136	LD130
18114.5	508.0	0.8820764678384254	0.8658536585365854	75	146	176	LD130
18964.0	530.9	0.8455921628265739	0.9625	60	116	136	LD130
17739.5	500.1	0.8911724256252519	1.054421768707483	71	144	167	LD130
18928.5	519.0	0.883157448875145	1.0258064516129033	96	159	179	LD130
16825.5	491.5	0.8751895300063267	1.0273972602739727	77	144	172	LD130
20018.5	594.6	0.7115992924925254	1.0822784810126582	40	90	120	LD130
23409.0	580.3	0.8734674139057214	0.9285714285714286	93	162	186	LD130
16326.0	555.0	0.6660124633441445	0.9735099337748344	33	83	109	LD130
17015.5	493.2	0.8791355596495625	1.0067567567567568	68	127	156	LD130
14111.5	463.9	0.8241576632880697	1.0526315789473684	66	112	140	LD130
20084.5	535.7	0.8796201826441464	0.9573170731707317	56	130	156	LD130
17200.0	494.6	0.8835932651911178	1.0067114093959733	73	137	163	LD130
17505.0	498.7	0.8846383692198012	0.9738562091503268	57	124	157	LD130
16905.0	503.1	0.839389954351453	0.9281045751633987	46	110	136	LD130
22669.0	583.1	0.8378745223508686	1.0176470588235293	47	108	139	LD130
16553.0	539.2	0.715423490531519	0.98	48	95	116	LD130
17701.0	501.1	0.8859442799543527	1.0335570469798658	103	184	204	LD130
17279.5	494.0	0.8897837747928816	0.9539473684210527	68	138	168	LD130
19691.5	555.0	0.8034271746721802	0.99375	56	113	132	LD130
18566.0	510.0	0.8968388636421414	1.0326797385620916	64	130	159	LD130
18520.5	519.3	0.8629795829338129	1.0463576158940397	70	137	159	LD130
15773.5	479.4	0.8623032503897581	0.9133333333333333	60	125	154	LD130
17279.5	535.8	0.7563710290499905	0.9933774834437086	41	99	131	LD130
